shape2 <-
c(0.15, 0.15, 0.15, 0.15, 0.15, 0.05, 0.05, 0.05, 0.05, 0.05)

shape4 <- 0.181818
shape4 <- 0.163636
shape4 <- 0.145455
shape4 <- 0.127273
shape4 <- 0.1090191
shape4 <- 0.0909091
shape4 <- 0.0727273
shape4 <- 0.0545455
shape4 <- 0.0363636
shape4 <- 0.0181818